1.652738172391445319e-07,-8.966576244513049687e+00
1.718849643551522943e-07,-8.931814138253837854e+00
1.787602073882047855e-07,-8.899629454882436619e+00
1.859105638366817870e-07,-8.866461091629782132e+00
1.933470511989630536e-07,-8.829738284605042509e+00
2.010810110174983897e-07,-8.795880017344074986e+00
2.091241088788075173e-07,-8.761953896871204961e+00
2.174893065456902240e-07,-8.728158393463500531e+00
2.261885936487362285e-07,-8.694648630553375668e+00
2.352362281270252788e-07,-8.661543506395394942e+00
2.446458198314970769e-07,-8.627087997029892819e+00
2.544316267012313708e-07,-8.591760034688149972e+00
2.646088788075178459e-07,-8.559090917934781828e+00
2.751931302657161311e-07,-8.524328811675569995e+00
2.862009073233959780e-07,-8.490797477668897031e+00
2.976490602721970021e-07,-8.455931955649724330e+00
3.095547634478288955e-07,-8.422508200162774017e+00
3.219371354504212769e-07,-8.388276691992658129e+00
3.348152948801037127e-07,-8.353596273776929593e+00
3.482080362929358514e-07,-8.319664486585436336e+00
3.621354504212572757e-07,-8.285670240254766838e+00
3.766202203499675945e-07,-8.251811972993799316e+00
3.916850291639663110e-07,-8.217527375833713066e+00
4.073525599481529282e-07,-8.183758700008217701e+00
4.236487362281270220e-07,-8.149353764816932966e+00
4.405930006480881286e-07,-8.115771230367396782e+00
4.582177576150356516e-07,-8.081445469449725749e+00
4.765456902138690941e-07,-8.047207556955907393e+00
4.956059624108878399e-07,-8.013228265733754796e+00
5.154309786130913455e-07,-7.978810700930061728e+00
5.360499027867790477e-07,-7.946921556516580054e+00
5.574918988982501715e-07,-7.910094888560601945e+00
5.797893713545041734e-07,-7.876148359032914215e+00
6.029812054439403377e-07,-7.841637507904750670e+00
6.270998055735580150e-07,-7.809668301829708170e+00
6.521840570317562779e-07,-7.774690718274136714e+00
6.782728451069345165e-07,-7.739928612014924880e+00
7.054050550874919093e-07,-7.707743928643523645e+00
7.336195722618276347e-07,-7.673664139071248336e+00
7.629650032404407187e-07,-7.638272163982406937e+00
7.934834737524303593e-07,-7.603800652904263657e+00
8.252235904082954768e-07,-7.570247719997592384e+00
8.582307193778353949e-07,-7.536107011014093082e+00
8.925599481529487557e-07,-7.501689446210399126e+00
9.282631237848347106e-07,-7.468521082957744639e+00
9.653953337653921136e-07,-7.434152181326481923e+00
1.004008425145819904e-06,-7.400116927926312371e+00
1.044170447180816486e-06,-7.366531544420413802e+00
1.085936487362281243e-06,-7.331614083309999863e+00
1.129374594944912577e-06,-7.297569463554475000e+00
1.174549578742708978e-06,-7.263603497723357449e+00
1.221532728451069400e-06,-7.229884705212898055e+00
1.270392093324692244e-06,-7.195860567664649210e+00
1.321208684381075783e-06,-7.161780778092373900e+00
1.374057031756318882e-06,-7.127843727251707229e+00
1.429018146467919600e-06,-7.093664958194909609e+00
1.486179520414776460e-06,-7.059483515067432435e+00
1.545625405055087435e-06,-7.025488307262671483e+00
1.607453013609850999e-06,-6.991399828238082037e+00
1.671749837977965039e-06,-6.958607314841774638e+00
1.738619572261827647e-06,-6.924453038607468969e+00
1.808165910563836704e-06,-6.889410289700751200e+00
1.880492546986390087e-06,-6.853871964321761823e+00
1.955709656513285929e-06,-6.821023052706830292e+00
2.033940375891121168e-06,-6.787812395596041881e+00
2.115298120544393851e-06,-6.752026733638193612e+00
2.199909267660401676e-06,-6.718966632752272794e+00
2.287903434867142048e-06,-6.684029654543082621e+00
2.379419961114711473e-06,-6.649751981665836809e+00
2.474598185353208157e-06,-6.616184634019568911e+00
2.573580686973428310e-06,-6.583359492661719159e+00
2.676526247569669617e-06,-6.548213564475710236e+00
2.783587167854828244e-06,-6.514278573518420323e+00
2.894928710304601282e-06,-6.480172006224281134e+00
3.010725858716785350e-06,-6.446116973356125435e+00
3.131156837329876772e-06,-6.412289034981088598e+00
3.256416072585871650e-06,-6.377785977033704867e+00
3.386649384316267170e-06,-6.343901797987167690e+00
3.522132209980557494e-06,-6.309803919971486152e+00
3.662994167206740024e-06,-6.275724130399210843e+00
3.809526895657809552e-06,-6.241845378032610192e+00
3.961924821775761334e-06,-6.207608310501746551e+00
4.120382372002592321e-06,-6.173925197299173107e+00
4.285191186001296033e-06,-6.139661993429005982e+00
4.456610499027868123e-06,-6.105683937315561138e+00
4.634867141931302987e-06,-6.071604147743285829e+00
4.820285158781594555e-06,-6.037630664329978636e+00
5.013091380427738068e-06,-6.003488327845821537e+00
5.213609850939727457e-06,-5.970616222314790278e+00
5.422164614387556653e-06,-5.935542010773081856e+00
5.639047310434219175e-06,-5.899629454882437507e+00
5.864581983149708106e-06,-5.866461091629782132e+00
6.099189889825016064e-06,-5.832682665251823551e+00
6.343162670123136569e-06,-5.798602875679548241e+00
6.596889176928061828e-06,-5.764471553092451295e+00
6.860758263123784897e-06,-5.730487055782083949e+00
7.135191186001295851e-06,-5.696803942579511393e+00
7.420576798444588593e-06,-5.663540266151470881e+00
7.717401166558652322e-06,-5.628932137728264173e+00
8.026117952041477525e-06,-5.595166283380062389e+00
8.347148412184056819e-06,-5.560667306169737145e+00
8.681043421905379375e-06,-5.525783735923744722e+00
9.028289047310433549e-06,-5.492144128304168760e+00
9.389403758911212339e-06,-5.458420756053419254e+00
9.764970836033701090e-06,-5.424812155072339159e+00
1.015557355800388854e-05,-5.390405590774779654e+00
1.056179520414776342e-05,-5.356547323513812131e+00
1.098428386260531359e-05,-5.322393047279506462e+00
1.142365521710952736e-05,-5.288192770958809241e+00
1.188058976020738875e-05,-5.254144804826270665e+00
1.235583279325988261e-05,-5.219682687859848791e+00
1.285006480881399807e-05,-5.185752404268079374e+00
1.336406351263771953e-05,-5.151810883008601571e+00
1.389860661049902803e-05,-5.117475462045119272e+00
1.445456902138690837e-05,-5.083546051450074543e+00
1.503272845106934495e-05,-5.049635145623876831e+00
1.563405703175631788e-05,-5.015472686656207379e+00
1.625942968243681194e-05,-4.982966660701219297e+00
1.690978613091380429e-05,-4.946921556516580054e+00
1.758619572261827541e-05,-4.913640169325251605e+00
1.828963058976020877e-05,-4.879426068794150417e+00
1.902122488658457381e-05,-4.844663962534938584e+00
1.978208036292935905e-05,-4.812479279163536461e+00
2.057336357744653178e-05,-4.777283528852416694e+00
2.139627349319507413e-05,-4.742321425130815449e+00
2.225213869086195629e-05,-4.709965388637481709e+00
2.314222294232015612e-05,-4.675717544702306938e+00
2.406791963707064294e-05,-4.640164517660111621e+00
2.503062216461438607e-05,-4.607303046740334196e+00
2.603185353208036326e-05,-4.571865205971211488e+00
2.707313674659753868e-05,-4.539102157243451785e+00
2.815605962410887904e-05,-4.504455662453551668e+00
2.928227478937135356e-05,-4.469800301796917452e+00
3.045359688917692755e-05,-4.436518914605589003e+00
3.167171095268956471e-05,-4.402304814074487815e+00
3.293875567077122601e-05,-4.368556230986827771e+00
3.425599481529488250e-05,-4.334419008982046684e+00
3.562637718729747574e-05,-4.300162274132754092e+00
3.705152300712896690e-05,-4.266000713461613358e+00
3.853337653920932974e-05,-4.232102383981909632e+00
4.007485418016850114e-05,-4.197910742118267535e+00
4.167790019442644129e-05,-4.163675884293247975e+00
4.334478289047310264e-05,-4.129596094720972665e+00
4.507874270900842786e-05,-4.095825631715836579e+00
4.688204795852235582e-05,-4.061480274823508374e+00
4.875729099157485153e-05,-4.027797161620935817e+00
5.070738820479585188e-05,-3.991399828238082481e+00
5.273590408295528501e-05,-3.958607314841775082e+00
5.484510693454309658e-05,-3.924453038607469413e+00
5.703888528839922052e-05,-3.892790030352131669e+00
5.932047958522359274e-05,-3.856985199745905035e+00
6.169345430978612785e-05,-3.823908740944318652e+00
6.416104990278677530e-05,-3.790484985457369227e+00
6.672747893713544770e-05,-3.754487332185850068e+00
6.939662994167206545e-05,-3.721246399047171138e+00
7.217239144523654893e-05,-3.686132779630846734e+00
7.505930006480881654e-05,-3.653647025549361160e+00
7.806189241736875958e-05,-3.617982957425131652e+00
8.118438107582631779e-05,-3.585026652029182248e+00
8.443162670123136114e-05,-3.551293680094920191e+00
8.780881399870381961e-05,-3.517126416391246124e+00
9.132112767336358254e-05,-3.482804102050025552e+00
9.497407647440051794e-05,-3.448550002027124695e+00
9.877316915100453447e-05,-3.414539270491499412e+00
1.027239144523655272e-04,-3.380906669373257234e+00
1.068327932598833410e-04,-3.346787486224656494e+00
1.111062864549578746e-04,-3.312471038785365529e+00
1.155505508749189942e-04,-3.278189384787453253e+00
1.201723914452365501e-04,-3.244125144327508536e+00
1.249795852235903969e-04,-3.210419287835574398e+00
1.299786130913804197e-04,-3.176525770829699002e+00
1.351779001944264304e-04,-3.142064735280571064e+00
1.405848995463382909e-04,-3.108462542327435685e+00
1.462083603370058324e-04,-3.074172425375257589e+00
1.520567077122488529e-04,-3.040005161671583966e+00
1.581390149060272164e-04,-3.006123085058789002e+00
1.644643551523007055e-04,-2.970616222314790278e+00
1.710430978613091259e-04,-2.939302159646388191e+00
1.778846403110823202e-04,-2.903089986991943761e+00
1.849999999999999973e-04,-2.869666231504993892e+00
1.924001944264420018e-04,-2.835647144215562854e+00
2.000962410887880696e-04,-2.801342913045577365e+00
2.080998055735580024e-04,-2.767003889607846379e+00
2.164238496435515169e-04,-2.735182176990463621e+00
2.250810110174983781e-04,-2.701146923590293181e+00
2.340842514581983023e-04,-2.665546248849068878e+00
2.434475048606610508e-04,-2.632644078973981117e+00
2.531853532080362876e-04,-2.598599459218455809e+00
2.633127025275437639e-04,-2.563837352959243976e+00
2.738454309786130859e-04,-2.530177984021837023e+00
2.847990926766040434e-04,-2.496209316942819001e+00
2.961911860012961901e-04,-2.463441557428470041e+00
3.080388852883992365e-04,-2.429457060118102252e+00
3.203603370058328019e-04,-2.395773946915530139e+00
3.331756318859364864e-04,-2.361510743045362570e+00
3.465003240440699714e-04,-2.327902142064282476e+00
3.603629293583927363e-04,-2.294136287716080691e+00
3.747764095917044706e-04,-2.260427655549908099e+00
3.897666882696046615e-04,-2.226213555018806467e+00
4.053564484769928470e-04,-2.192464971931146867e+00
4.215716137394685684e-04,-2.159266765388193399e+00
4.384348671419313094e-04,-2.125518182300533354e+00
4.559721322099805573e-04,-2.092051478387727759e+00
4.742125729099157488e-04,-2.058488567365596822e+00
4.931788723266364218e-04,-2.025028005701931200e+00
5.129066753078419119e-04,-1.991399828238082481e+00
5.334219053791315439e-04,-1.958607314841775082e+00
5.547602073882047617e-04,-1.924453038607469191e+00
5.769507453013610022e-04,-1.892790030352131669e+00
6.000291639662993842e-04,-1.856985199745905035e+00
6.240311082307193518e-04,-1.823908740944318874e+00
6.489922229423201322e-04,-1.793174123968150235e+00
6.749513933895010106e-04,-1.759450751717400285e+00
7.019475048606610553e-04,-1.725842150736320191e+00
7.300259235255994504e-04,-1.692503962086787217e+00
7.592287751134154305e-04,-1.659555885159881727e+00
7.895981853532080133e-04,-1.627087997029893485e+00
8.211795204147763830e-04,-1.595166283380061945e+00
8.540278677900194635e-04,-1.562249437179612066e+00
8.881885936487362221e-04,-1.530177984021837023e+00
9.237167854828256912e-04,-1.497572880015567209e+00
9.606642903434867370e-04,-1.464705879957229451e+00
9.990926766040180741e-04,-1.432973633840939565e+00
1.039057031756318843e-03,-1.400116927926312149e+00
1.080618924173687651e-03,-1.368556230986827993e+00
1.123843162670123052e-03,-1.336299074610351800e+00
1.168797796500324095e-03,-1.304518323509802569e+00
1.215547634478289117e-03,-1.272458742971443568e+00
1.264170447180816689e-03,-1.241088107602026591e+00
1.314737524303305266e-03,-1.209011524911184132e+00
1.367326636422553417e-03,-1.177178354696895468e+00
1.422018794556059555e-03,-1.145086977692144403e+00
1.478901490602721989e-03,-1.112945621949043007e+00
1.538055735580038915e-03,-1.080921907623926037e+00
1.599578742709008381e-03,-1.048662481204082342e+00
1.663561244329228757e-03,-1.016373712875465518e+00
1.730103694102397933e-03,-9.829666607012196300e-01
1.799309786130913859e-03,-9.507819773298183952e-01
1.871279974076474426e-03,-9.172146296835499424e-01
1.946130913804277381e-03,-8.827287043442356707e-01
2.023976020738820630e-03,-8.477116556169435047e-01
2.104935191186001111e-03,-8.124792791635369049e-01
2.183373298768632401e-03,-7.798919119599448946e-01
2.256587815942968141e-03,-7.471469690201067992e-01
2.338493195074529962e-03,-7.121982700697739865e-01
2.427368762151652613e-03,-6.736641390712485578e-01
2.509044069993518998e-03,-6.401645176601119536e-01
2.597948801036940869e-03,-6.020599913279623960e-01
2.693272845106934547e-03,-5.606673061697373672e-01
2.777391445236552202e-03,-5.257837359237448327e-01
2.855414776409591696e-03,-4.921441283041690928e-01
2.945081011017498546e-03,-4.522252946121774753e-01
3.042132209980557157e-03,-4.100503986742922713e-01
3.128554763447828797e-03,-3.726341434072673597e-01
3.208133506156837528e-03,-3.391345219961308111e-01
3.299027867790019480e-03,-3.010299956639811980e-01
3.400388852883992011e-03,-2.596373105057561137e-01
3.493810758263123702e-03,-2.240256688706309396e-01
3.579779650032404587e-03,-1.931419704811825622e-01
3.677478937135450487e-03,-1.611509092627447237e-01
3.784219053791315710e-03,-1.301817920206718437e-01
3.902754374594944939e-03,-1.012748184105064786e-01
4.029358392741412553e-03,-7.623803917129974572e-02
4.166396629941671904e-03,-5.601112492622810357e-02
4.328742709008424894e-03,-3.857890593355170483e-02
4.501911860012961820e-03,-2.641037657274311612e-02
4.681983149708360097e-03,-1.818139282933641659e-02
4.869248217757615391e-03,-1.278077009199514794e-02
5.045884640311082414e-03,-9.661145212398568674e-03
5.200356448476993118e-03,-8.330992620051496864e-03
5.368988982501619878e-03,-7.004901568658489230e-03
5.544264419961114632e-03,-6.123085058788794478e-03
5.681205443940375716e-03,-6.123085058788794478e-03
5.784057031756318495e-03,-5.682847330363272748e-03
5.889630589760207549e-03,-6.123085058788794478e-03
6.006869734283862630e-03,-6.123085058788794478e-03
6.110855476344783169e-03,-6.563769502388273891e-03
6.195690213869085861e-03,-6.563769502388273891e-03
6.270544394037589307e-03,-7.004901568658489230e-03
6.354439403758911642e-03,-7.446482167864383779e-03
6.440051847051198736e-03,-8.330992620051496864e-03
6.508846403110822923e-03,-8.773924307505150469e-03
6.568762151652625045e-03,-9.661145212398568674e-03
6.636195722618276095e-03,-1.055018233330819524e-02
6.708716785482825469e-03,-1.188715973164809932e-02
6.771160077770576463e-03,-1.322826573375516027e-02
6.824918988982501926e-03,-1.457352591699833874e-02
6.883959818535320511e-03,-1.637371287546550078e-02
6.947764095917044642e-03,-1.863449092145560287e-02
7.004666234607906557e-03,-2.136305161552567305e-02
7.054925469863901344e-03,-2.410886359820725924e-02
7.102397926117952169e-03,-2.779716162093556417e-02
7.156837329876862899e-03,-3.245202378113791475e-02
7.210304601425793561e-03,-3.763066432997889260e-02
7.250097213220997767e-03,-4.287180232318691525e-02
7.285158781594297008e-03,-4.817696468408801808e-02
7.319280622164614156e-03,-5.354773498692690786e-02
7.347569669475048290e-03,-5.898575629443027213e-02
7.373233959818535285e-03,-6.449273417528721131e-02
7.400356448476992817e-03,-7.058107428570728481e-02
7.426409591704472013e-03,-7.675598136972351659e-02
7.448509397278029777e-03,-8.354605145007493183e-02
7.463869086195723014e-03,-8.830984124613888708e-02
7.474789371354504351e-03,-9.151498112135021679e-02
7.486552171095268646e-03,-9.528445472131903682e-02
7.500615683732987302e-03,-1.001794975729037168e-01
7.514841218405702780e-03,-1.056839373155615408e-01
7.528159429682436746e-03,-1.106982974936897013e-01
7.541218405703175622e-03,-1.157712303673960608e-01
7.554569021386908431e-03,-1.220530483708117536e-01
7.568016850291639508e-03,-1.278437272517071732e-01
7.581335061568373473e-03,-1.343039400839294850e-01
7.594523655217109460e-03,-1.408617027054691884e-01
7.607647440051846892e-03,-1.481303992702337202e-01
7.620803629293584035e-03,-1.549019599857431873e-01
7.633927414128321466e-03,-1.630432629404495459e-01
7.646986390149060342e-03,-1.706962271689750621e-01
7.660012961762799506e-03,-1.791420105603000468e-01
7.672974724562540115e-03,-1.877553031996307409e-01
7.685936487362281591e-03,-1.972262747080243128e-01
7.698833441348023644e-03,-2.069083998234198252e-01
7.711665586519766274e-03,-2.168113089247424297e-01
7.724497731691509772e-03,-2.269453066357374205e-01
7.737265068049254714e-03,-2.380721615794709756e-01
7.749999999999999944e-03,-2.494916051486538167e-01
7.762702527543746331e-03,-2.612194415156308125e-01
7.775340246273493294e-03,-2.732727909734277150e-01
7.787977965003240258e-03,-2.856702402547669495e-01
7.800550874918988666e-03,-2.992962828549806664e-01
7.812994167206739962e-03,-3.124710387853656957e-01
7.825178224238496169e-03,-3.269790928711038269e-01
7.837135450421257865e-03,-3.410351573355649979e-01
7.848898250162021292e-03,-3.555614105321614482e-01
7.860531432274789343e-03,-3.695721249749761572e-01
7.872034996759558548e-03,-3.851027839668654251e-01
7.883376539209332665e-03,-4.001169279263121492e-01
7.894556059624108224e-03,-4.156687756324691785e-01
7.905605962410888407e-03,-4.317982759330050158e-01
7.916493843162670033e-03,-4.473317838878068109e-01
7.927284510693454259e-03,-4.634415574284699302e-01
7.937977965003241085e-03,-4.801720062242812448e-01
7.948541801685029065e-03,-4.975728800155673204e-01
7.958976020738819934e-03,-5.142785735184199902e-01
7.969345430978613115e-03,-5.316526695878427411e-01
7.979585223590407450e-03,-5.497508916806389534e-01
7.989760207388204097e-03,-5.670307091255942789e-01
7.999837977965003344e-03,-5.850266520291820260e-01
8.009850939727803168e-03,-6.038006529042636572e-01
8.019766688269603858e-03,-6.234230429434880483e-01
8.029617627997406859e-03,-6.420651529995461404e-01
8.039436163318211884e-03,-6.615435063953951644e-01
8.049157485418016039e-03,-6.798537138889459985e-01
8.058846403110822218e-03,-6.989700043360187465e-01
8.068470511989630709e-03,-7.189666327522724609e-01
8.078062216461439488e-03,-7.399286120149252133e-01
8.087621516526246820e-03,-7.594507517174002853e-01
8.097148412184056177e-03,-7.798919119599448946e-01
8.106642903434867556e-03,-8.013429130455773652e-01
8.116104990278677489e-03,-8.210230527068306250e-01
8.125534672715489445e-03,-8.446639625349382507e-01
8.134964355152301402e-03,-8.664610916297824650e-01
8.144394037589111623e-03,-8.860566476931631685e-01
8.153823720025923580e-03,-9.100948885606020555e-01
8.163253402462735536e-03,-9.318141382538382977e-01
8.172683084899545758e-03,-9.546770212133425249e-01
8.182112767336357714e-03,-9.788107009300619499e-01
8.191607258587167359e-03,-1.000434511774017654e+00
8.201101749837978738e-03,-1.023650020996726528e+00
8.210628645495788094e-03,-1.047691990337874746e+00
8.220220349967595139e-03,-1.071604147743286273e+00
8.229844458846403629e-03,-1.095825631715836579e+00
8.239533376539209808e-03,-1.120904120499927270e+00
8.249319507453013386e-03,-1.145693958198919393e+00
8.259138042773816676e-03,-1.171340103464680205e+00
8.269086195722618812e-03,-1.197226274708024230e+00
8.279131561892416613e-03,-1.223298816011589185e+00
8.289274141283215283e-03,-1.250263684430938937e+00
8.299578742709009041e-03,-1.276544327964814318e+00
8.310012961762799910e-03,-1.304518323509802569e+00
8.320609202851587602e-03,-1.331614083309999863e+00
8.331399870382371828e-03,-1.360513510731413911e+00
8.342384964355152588e-03,-1.389339836910119974e+00
8.353629293583927570e-03,-1.417936637088291318e+00
8.365100453661698798e-03,-1.448550002027124917e+00
8.376895657809461937e-03,-1.478861916295963752e+00
8.388982501620220744e-03,-1.508638306165727361e+00
8.401458198314970885e-03,-1.540607512240769195e+00
8.414355152300712071e-03,-1.571865205971211266e+00
8.427705767984445748e-03,-1.605548319173783822e+00
8.441607258587167581e-03,-1.638272163982407159e+00
8.456124432922876993e-03,-1.671620396561262378e+00
8.471354504212573119e-03,-1.705533773838407097e+00
8.487362281270251912e-03,-1.742321425130815449e+00
8.504309786130913665e-03,-1.777283528852416694e+00
8.522359040829553464e-03,-1.812479279163536905e+00
8.541704471808166110e-03,-1.850780887344620096e+00
8.562508101101750160e-03,-1.889410289700750978e+00
8.585126377187297236e-03,-1.928117992693874516e+00
8.609850939727803007e-03,-1.966576244513050353e+00
8.637103046014258517e-03,-2.004803708402820739e+00
8.667401166558652212e-03,-2.043831569524636738e+00
8.701328580686973693e-03,-2.083019952679617592e+00
8.739533376539208517e-03,-2.122053048370811545e+00
8.782728451069345132e-03,-2.160521952625801489e+00
8.831497083603369672e-03,-2.199282921717614858e+00
8.886292935839274626e-03,-2.237321436272563968e+00
8.947148412184056238e-03,-2.274905478918531010e+00
9.013609850939727219e-03,-2.313363730737706625e+00
9.084899546338301435e-03,-2.351639989019068455e+00
9.160012961762799971e-03,-2.389339836910119974e+00
9.238172391445236692e-03,-2.428291168191312632e+00
9.318794556059623729e-03,-2.465973893943865125e+00
9.401587815942968884e-03,-2.505845405981557139e+00
9.486487362281270999e-03,-2.545155139991489790e+00
9.573460790667530362e-03,-2.585026652029182248e+00
9.662508101101750443e-03,-2.625251653989896017e+00
9.753661697990927484e-03,-2.665546248849068878e+00
9.847083603370058308e-03,-2.705533773838407097e+00
9.942838626053144072e-03,-2.747146969020106688e+00
1.004115359688917755e-02,-2.790484985457369227e+00
1.014215813350615759e-02,-2.832682665251823995e+00
1.024607906675307871e-02,-2.876148359032914215e+00
1.035311082307193743e-02,-2.920818753952375335e+00
1.046351263771872972e-02,-2.966576244513050131e+00
1.057764095917044719e-02,-3.011441043121384276e+00
1.069575502268308408e-02,-3.059981844992336608e+00
1.081830848995463459e-02,-3.110698297493689868e+00
1.094575502268308430e-02,-3.163675884293248419e+00
1.107893713545042048e-02,-3.218244625347530974e+00
1.122009073233959896e-02,-3.275724130399210843e+00
1.137436811406351313e-02,-3.338187314462738975e+00
1.154238496435515231e-02,-3.404503778174425843e+00
1.171824368114063493e-02,-3.471083299722345306e+00
1.189964355152300750e-02,-3.540607512240768973e+00
1.209138042773817180e-02,-3.612610173661270796e+00
1.230162022034996840e-02,-3.688246138944245800e+00
1.253807517822423841e-02,-3.774690718274137158e+00
1.280580038885288478e-02,-3.869666231504993892e+00
1.310900842514581971e-02,-3.970616222314790278e+00
1.345651328580686930e-02,-4.088842391260023135e+00
1.386756318859364880e-02,-4.221848749616356145e+00
1.437401166558651897e-02,-4.379863945026242433e+00
1.494896305897602112e-02,-4.549750891680639064e+00
1.554695398574206140e-02,-4.716698771296450765e+00
1.616882696046662363e-02,-4.882728704344235560e+00
1.681555411535969047e-02,-5.050122295963125119e+00
1.748820479585223506e-02,-5.159266765388193399e+00
1.818771872974724729e-02,-5.375717904164331706e+00
1.891523007128969452e-02,-5.481486060122112924e+00
1.967184057031756347e-02,-5.638272163982406937e+00
2.045871678548282641e-02,-5.790484985457369227e+00
2.127705767984446050e-02,-5.939302159646388191e+00
2.212812702527543890e-02,-6.077793722560983269e+00
2.301325340246273415e-02,-6.207608310501746551e+00
2.393379779650032374e-02,-6.326058001365912453e+00
2.489115359688917617e-02,-6.430626090384953919e+00
2.588677900194426285e-02,-6.519993057042849038e+00
2.692226182760855402e-02,-6.591760034688149972e+00
2.799915748541801849e-02,-6.651695136951839338e+00
2.911911860012961900e-02,-6.694648630553376556e+00
3.028389500972132262e-02,-6.728158393463501419e+00
3.149523655217109641e-02,-6.752026733638193612e+00
3.275502268308490283e-02,-6.769551078621725893e+00
3.406513285806869740e-02,-6.782516055786093290e+00
3.542773817239144862e-02,-6.790484985457369227e+00
3.684510693454309815e-02,-6.795880017344074986e+00
3.831885936487362115e-02,-6.801342913045576921e+00
3.985158781594296679e-02,-6.804100347590765985e+00
4.144556059624109057e-02,-6.804100347590765985e+00
4.310337005832793472e-02,-6.806875401645538837e+00
4.482760855476344841e-02,-6.806875401645538837e+00
4.662054439403758715e-02,-6.806875401645538837e+00
4.848541801685029434e-02,-6.806875401645538837e+00
5.042482177576150526e-02,-6.809668301829708170e+00
5.244199611147116330e-02,-6.809668301829708170e+00
5.453953337653921069e-02,-6.809668301829708170e+00
5.672099805573557751e-02,-6.809668301829708170e+00
5.898995463383020083e-02,-6.809668301829708170e+00
6.134964355152301013e-02,-6.809668301829708170e+00
6.380362929358392166e-02,-6.809668301829708170e+00
6.635580038885288690e-02,-6.809668301829708170e+00
6.901004536616979490e-02,-6.809668301829708170e+00
7.177025275437459717e-02,-6.809668301829708170e+00
7.464128321451717063e-02,-6.809668301829708170e+00
7.762670123136745925e-02,-6.809668301829708170e+00
8.073201555411535502e-02,-6.809668301829708170e+00
8.396111471160078166e-02,-6.809668301829708170e+00
8.731950745301360339e-02,-6.809668301829708170e+00
9.081237848347374630e-02,-6.809668301829708170e+00
9.444491250810109484e-02,-6.809668301829708170e+00
9.822261827608555484e-02,-6.809668301829708170e+00
1.021516526247569639e-01,-6.809668301829708170e+00
1.062375243033052419e-01,-6.809668301829708170e+00
1.104870382372002691e-01,-6.809668301829708170e+00
1.149066753078418629e-01,-6.809668301829708170e+00
1.195029163966299379e-01,-6.809668301829708170e+00
1.242828904731043266e-01,-6.809668301829708170e+00
1.292543745949449319e-01,-6.809668301829708170e+00
1.344244977316915168e-01,-6.809668301829708170e+00
1.398013609850939920e-01,-6.809668301829708170e+00
1.453937135450421025e-01,-6.809668301829708170e+00
1.512093324692158069e-01,-6.809668301829708170e+00
1.572576150356448377e-01,-6.809668301829708170e+00
1.635479585223590382e-01,-6.809668301829708170e+00
1.700897602073881965e-01,-6.809668301829708170e+00
1.768933895009721091e-01,-6.809668301829708170e+00
1.839692158133506006e-01,-6.809668301829708170e+00
1.913279325988334612e-01,-6.809668301829708170e+00
1.989812054439403788e-01,-6.809668301829708170e+00
2.069403758911211588e-01,-6.809668301829708170e+00
2.152180816591056367e-01,-6.809668301829708170e+00
2.238266364225534599e-01,-6.809668301829708170e+00
2.327796500324044171e-01,-6.809668301829708170e+00
2.420910563836681795e-01,-6.809668301829708170e+00
2.517747893713545015e-01,-6.809668301829708170e+00
2.618457550226830910e-01,-6.809668301829708170e+00
2.723195074530135873e-01,-6.809668301829708170e+00
2.832122488658457282e-01,-6.809668301829708170e+00
2.945408295528191833e-01,-6.809668301829708170e+00
3.063224238496435881e-01,-6.809668301829708170e+00
3.185751782242385310e-01,-6.809668301829708170e+00
3.313188593648735969e-01,-6.809668301829708170e+00
3.445722618276085836e-01,-6.809668301829708170e+00
3.583538561244329346e-01,-6.809668301829708170e+00
3.726895657809461970e-01,-6.809668301829708170e+00
3.875955930006481087e-01,-6.809668301829708170e+00
4.030978613091380502e-01,-6.809668301829708170e+00
4.192222942320155687e-01,-6.809668301829708170e+00
4.359915748541801639e-01,-6.809668301829708170e+00
4.534316267012313273e-01,-6.809668301829708170e+00
4.715683732987686616e-01,-6.809668301829708170e+00
4.904309786130914284e-01,-6.809668301829708170e+00
5.100486066104990002e-01,-6.809668301829708170e+00
5.304504212572909161e-01,-6.809668301829708170e+00
5.516688269604665962e-01,-6.809668301829708170e+00
5.737362281270252939e-01,-6.809668301829708170e+00
5.966850291639662629e-01,-6.809668301829708170e+00
6.205541153596889625e-01,-6.809668301829708170e+00
6.453758911211925353e-01,-6.809668301829708170e+00
6.711892417368762187e-01,-6.809668301829708170e+00
6.980362929358393531e-01,-6.809668301829708170e+00
7.259591704471808349e-01,-6.809668301829708170e+00
7.549967595593000125e-01,-6.809668301829708170e+00
7.851976668826960992e-01,-6.809668301829708170e+00
8.166040181464678804e-01,-6.809668301829708170e+00
8.492709008425146644e-01,-6.809668301829708170e+00
8.832404406999352364e-01,-6.809668301829708170e+00
9.185709656513285637e-01,-6.809668301829708170e+00
9.553110823071937485e-01,-6.809668301829708170e+00
9.935255994815294089e-01,-6.809668301829708170e+00
1.033266364225534639e+00,-6.809668301829708170e+00
1.074598185353208057e+00,-6.809668301829708170e+00
1.117579390797148520e+00,-6.809668301829708170e+00
1.162284510693454287e+00,-6.809668301829708170e+00
1.208775113415424318e+00,-6.809668301829708170e+00
1.257125729099157541e+00,-6.809668301829708170e+00
1.307410887880751771e+00,-6.809668301829708170e+00
1.359708360337005928e+00,-6.809668301829708170e+00
1.414095917044718043e+00,-6.809668301829708170e+00
1.470661049902786788e+00,-6.809668301829708170e+00
1.529484769928710408e+00,-6.809668301829708170e+00
1.590664290343486664e+00,-6.809668301829708170e+00
1.654293583927413991e+00,-6.809668301829708170e+00
1.720463383020090609e+00,-6.809668301829708170e+00
1.789283862605314468e+00,-6.809668301829708170e+00
1.860855476344782877e+00,-6.809668301829708170e+00
1.935288399222294231e+00,-6.809668301829708170e+00
2.012699287103046242e+00,-6.809668301829708170e+00
2.093208036292935947e+00,-6.809668301829708170e+00
2.176934543097861496e+00,-6.809668301829708170e+00
2.264011665586519673e+00,-6.809668301829708170e+00
2.354572261827608592e+00,-6.809668301829708170e+00
2.448755670771224580e+00,-6.809668301829708170e+00
2.546707712248866162e+00,-6.809668301829708170e+00
2.648574206092028316e+00,-6.809668301829708170e+00
2.754517174335709750e+00,-6.809668301829708170e+00
2.864698639014906068e+00,-6.809668301829708170e+00
2.979287103046014185e+00,-6.809668301829708170e+00
3.098457550226831003e+00,-6.809668301829708170e+00
3.222397926117952061e+00,-6.809668301829708170e+00
3.351296176279974226e+00,-6.809668301829708170e+00
3.485353208036293005e+00,-6.809668301829708170e+00
3.624756966947504822e+00,-6.809668301829708170e+00
3.769734283862605118e+00,-6.809668301829708170e+00
3.920544394037589253e+00,-6.809668301829708170e+00
4.077349319507453274e+00,-6.812479279163537349e+00
4.240440699935191127e+00,-6.812479279163537349e+00
