1.652738172391445319e-07,-1.110734896612270006e+01
1.718849643551522943e-07,-1.107365755337434443e+01
1.787602073882047855e-07,-1.103952922246570090e+01
1.859105638366817870e-07,-1.100524305541237169e+01
1.933470511989630536e-07,-1.097061622231479028e+01
2.010810110174983897e-07,-1.093554201077308186e+01
2.091241088788075173e-07,-1.090308998699194376e+01
2.174893065456902240e-07,-1.086966623150499345e+01
2.261885936487362285e-07,-1.083564714421556374e+01
2.352362281270252788e-07,-1.080134291304557692e+01
2.446458198314970769e-07,-1.076700388960784593e+01
2.544316267012313708e-07,-1.073282827159698627e+01
2.646088788075178459e-07,-1.069897000433601875e+01
2.751931302657161311e-07,-1.066554624884906843e+01
2.862009073233959780e-07,-1.063078414258985660e+01
2.976490602721970021e-07,-1.059687947882418158e+01
3.095547634478288955e-07,-1.056383735295924353e+01
3.219371354504212769e-07,-1.052870828894106126e+01
3.348152948801037127e-07,-1.049485002168009373e+01
3.482080362929358514e-07,-1.046092390120722371e+01
3.621354504212572757e-07,-1.042712839779951928e+01
3.766202203499675945e-07,-1.039254497678533085e+01
3.916850291639663110e-07,-1.035852588949590114e+01
4.073525599481529282e-07,-1.032513885926218755e+01
4.236487362281270220e-07,-1.029073003902416872e+01
4.405930006480881286e-07,-1.025649023527157055e+01
4.582177576150356516e-07,-1.022257317761068940e+01
4.765456902138690941e-07,-1.018842499412940583e+01
4.956059624108878399e-07,-1.015428198203334098e+01
5.154309786130913455e-07,-1.012033079436794658e+01
5.360499027867790477e-07,-1.008618614761628329e+01
5.574918988982501715e-07,-1.005207638016827332e+01
5.797893713545041734e-07,-1.001818139282933728e+01
6.029812054439403377e-07,-9.982966660701219297e+00
6.270998055735580150e-07,-9.950781977329818062e+00
6.521840570317562779e-07,-9.917214629683549276e+00
6.782728451069345165e-07,-9.882728704344236448e+00
7.054050550874919093e-07,-9.847711655616944171e+00
7.336195722618276347e-07,-9.812479279163536461e+00
7.629650032404407187e-07,-9.779891911959945006e+00
7.934834737524303593e-07,-9.744727494896693543e+00
8.252235904082954768e-07,-9.712198270069773542e+00
8.582307193778353949e-07,-9.677780705266080474e+00
8.925599481529487557e-07,-9.643974142806877481e+00
9.282631237848347106e-07,-9.609064892896620691e+00
9.653953337653921136e-07,-9.575118363368932961e+00
1.004008425145819904e-06,-9.540607512240768528e+00
1.044170447180816486e-06,-9.507239610973162058e+00
1.085936487362281243e-06,-9.473660722610155460e+00
1.129374594944912577e-06,-9.438898616350943627e+00
1.174549578742708978e-06,-9.405607449624573846e+00
1.221532728451069400e-06,-9.370590400897281569e+00
1.270392093324692244e-06,-9.337242168318425684e+00
1.321208684381075783e-06,-9.302770657240282404e+00
1.374057031756318882e-06,-9.269217724333611130e+00
1.429018146467919600e-06,-9.235077015350110941e+00
1.486179520414776460e-06,-9.200659450546417872e+00
1.545625405055087435e-06,-9.166852888087214879e+00
1.607453013609850999e-06,-9.132532512140947745e+00
1.671749837977965039e-06,-9.098541678603886851e+00
1.738619572261827647e-06,-9.064492734175287225e+00
1.808165910563836704e-06,-9.030584087646017721e+00
1.880492546986390087e-06,-8.995678626217356921e+00
1.955709656513285929e-06,-8.962573502059376196e+00
2.033940375891121168e-06,-8.928117992693874072e+00
2.115298120544393851e-06,-8.892790030352131225e+00
2.199909267660401676e-06,-8.860120913598763082e+00
2.287903434867142048e-06,-8.826813731587725087e+00
2.379419961114711473e-06,-8.793174123968150013e+00
2.474598185353208157e-06,-8.756961951313705583e+00
2.573580686973428310e-06,-8.723538195826755270e+00
2.676526247569669617e-06,-8.690369832574100784e+00
2.783587167854828244e-06,-8.655607726314888950e+00
2.894928710304601282e-06,-8.621602099051862922e+00
3.010725858716785350e-06,-8.586700235918748092e+00
3.131156837329876772e-06,-8.552841968657780569e+00
3.256416072585871650e-06,-8.519993057042849927e+00
3.386649384316267170e-06,-8.485452247339713594e+00
3.522132209980557494e-06,-8.450996737974211470e+00
3.662994167206740024e-06,-8.416801226031378036e+00
3.809526895657809552e-06,-8.382999658879100480e+00
3.961924821775761334e-06,-8.348721986001855555e+00
4.120382372002592321e-06,-8.315154638355586769e+00
4.285191186001296033e-06,-8.280668713016273941e+00
4.456610499027868123e-06,-8.247183568811728094e+00
4.634867141931302987e-06,-8.212539525481584946e+00
4.820285158781594555e-06,-8.178486471595226348e+00
5.013091380427738068e-06,-8.144480844332200320e+00
5.213609850939727457e-06,-8.110698297493689424e+00
5.422164614387556653e-06,-8.076755981369723614e+00
5.639047310434219175e-06,-8.042392712939903987e+00
5.864581983149708106e-06,-8.008330992620050992e+00
6.099189889825016064e-06,-7.974694134735229589e+00
6.343162670123136569e-06,-7.939302159646388191e+00
6.596889176928061828e-06,-7.906578314837765298e+00
6.860758263123784897e-06,-7.872895201635192741e+00
7.135191186001295851e-06,-7.838631997765024728e+00
7.420576798444588593e-06,-7.804100347590765985e+00
7.717401166558652322e-06,-7.769551078621725893e+00
8.026117952041477525e-06,-7.735182176990463176e+00
8.347148412184056819e-06,-7.701146923590293625e+00
8.681043421905379375e-06,-7.667561540084395055e+00
9.028289047310433549e-06,-7.634512015109100602e+00
9.389403758911212339e-06,-7.600326278518961587e+00
9.764970836033701090e-06,-7.565431095965800878e+00
1.015557355800388854e-05,-7.531652669587842297e+00
1.056179520414776342e-05,-7.497572880015566987e+00
1.098428386260531359e-05,-7.463441557428470041e+00
1.142365521710952736e-05,-7.429457060118102696e+00
1.188058976020738875e-05,-7.394694953858890862e+00
1.235583279325988261e-05,-7.361510743045363014e+00
1.285006480881399807e-05,-7.326979092871104271e+00
1.336406351263771953e-05,-7.293282217663241696e+00
1.389860661049902803e-05,-7.258848401148214613e+00
1.445456902138690837e-05,-7.224753740259763468e+00
1.503272845106934495e-05,-7.190440285364732453e+00
1.563405703175631788e-05,-7.156767221901990439e+00
1.625942968243681194e-05,-7.122628654130226167e+00
1.690978613091380429e-05,-7.088309841246139165e+00
1.758619572261827541e-05,-7.054531414868180583e+00
1.828963058976020877e-05,-7.020451625295905274e+00
1.902122488658457381e-05,-6.987162775294827988e+00
1.978208036292935905e-05,-6.950781977329818062e+00
2.057336357744653178e-05,-6.917214629683550164e+00
2.139627349319507413e-05,-6.882728704344235560e+00
2.225213869086195629e-05,-6.850780887344620318e+00
2.314222294232015612e-05,-6.815308569182401577e+00
2.406791963707064294e-05,-6.782516055786093290e+00
2.503062216461438607e-05,-6.747146969020106688e+00
2.603185353208036326e-05,-6.714442690992226126e+00
2.707313674659753868e-05,-6.679853713888945776e+00
2.815605962410887904e-05,-6.645891560852598801e+00
2.928227478937135356e-05,-6.610833915635467406e+00
3.045359688917692755e-05,-6.578396073130169164e+00
3.167171095268956471e-05,-6.543633966870957330e+00
3.293875567077122601e-05,-6.510041520575165386e+00
3.425599481529488250e-05,-6.474955192963154360e+00
3.562637718729747574e-05,-6.441291429466834195e+00
3.705152300712896690e-05,-6.406713932979542392e+00
3.853337653920932974e-05,-6.373659632624957716e+00
4.007485418016850114e-05,-6.339134521996131255e+00
4.167790019442644129e-05,-6.305394801066431576e+00
4.334478289047310264e-05,-6.270835210307230234e+00
4.507874270900842786e-05,-6.236572006437063109e+00
4.688204795852235582e-05,-6.202732459169283175e+00
4.875729099157485153e-05,-6.168770306132936199e+00
5.070738820479585188e-05,-6.134896025358871796e+00
5.273590408295528501e-05,-6.100726812682395916e+00
5.484510693454309658e-05,-6.066512712151294728e+00
5.703888528839922052e-05,-6.032452023781138095e+00
5.932047958522359274e-05,-6.000000000000000000e+00
6.169345430978612785e-05,-5.962573502059376196e+00
6.416104990278677530e-05,-5.931814138253838742e+00
6.672747893713544770e-05,-5.896196279044042754e+00
6.939662994167206545e-05,-5.863279432843593320e+00
7.217239144523654893e-05,-5.826813731587725975e+00
7.505930006480881654e-05,-5.793174123968150013e+00
7.806189241736875958e-05,-5.759450751717400507e+00
8.118438107582631779e-05,-5.725842150736320413e+00
8.443162670123136114e-05,-5.692503962086787439e+00
8.780881399870381961e-05,-5.657577319177793385e+00
9.132112767336358254e-05,-5.623423042943487715e+00
9.497407647440051794e-05,-5.590066876668705831e+00
9.877316915100453447e-05,-5.555955204081923782e+00
1.027239144523655272e-04,-5.521433504406156878e+00
1.068327932598833410e-04,-5.488116639021125565e+00
1.111062864549578746e-04,-5.453457336521869259e+00
1.155505508749189942e-04,-5.419075024324381040e+00
1.201723914452365501e-04,-5.385102783966865481e+00
1.249795852235903969e-04,-5.351639989019068011e+00
1.299786130913804197e-04,-5.316952961761150398e+00
1.351779001944264304e-04,-5.283162276700475779e+00
1.405848995463382909e-04,-5.249491605148653761e+00
1.462083603370058324e-04,-5.215382707367124837e+00
1.520567077122488529e-04,-5.181114585405990347e+00
1.581390149060272164e-04,-5.146910470148134742e+00
1.644643551523007055e-04,-5.112945621949043229e+00
1.710430978613091259e-04,-5.078833949362261180e+00
1.778846403110823202e-04,-5.044793462458057931e+00
1.849999999999999973e-04,-5.010995384301462963e+00
1.924001944264420018e-04,-4.978810700930061728e+00
2.000962410887880696e-04,-4.943095148663527283e+00
2.080998055735580024e-04,-4.910094888560601945e+00
2.164238496435515169e-04,-4.876148359032914215e+00
2.250810110174983781e-04,-4.841637507904750670e+00
2.340842514581983023e-04,-4.806875401645538837e+00
2.434475048606610508e-04,-4.772113295386326115e+00
2.531853532080362876e-04,-4.737548910269570257e+00
2.633127025275437639e-04,-4.705533773838406653e+00
2.738454309786130859e-04,-4.671620396561261934e+00
2.847990926766040434e-04,-4.636388020107856001e+00
2.961911860012961901e-04,-4.602059991327962507e+00
3.080388852883992365e-04,-4.568636235841013082e+00
3.203603370058328019e-04,-4.534617148551581600e+00
3.331756318859364864e-04,-4.500312917381596556e+00
3.465003240440699714e-04,-4.467245621007502443e+00
3.603629293583927363e-04,-4.432973633840939343e+00
3.747764095917044706e-04,-4.399027104313251613e+00
3.897666882696046615e-04,-4.365522729839268479e+00
4.053564484769928470e-04,-4.331614083309999863e+00
4.215716137394685684e-04,-4.297569463554475000e+00
4.384348671419313094e-04,-4.263603497723357449e+00
4.559721322099805573e-04,-4.229884705212898055e+00
4.742125729099157488e-04,-4.195860567664649210e+00
4.931788723266364218e-04,-4.162411561764488788e+00
5.129066753078419119e-04,-4.128427064454121442e+00
5.334219053791315439e-04,-4.095284454721318745e+00
5.547602073882047617e-04,-4.061480274823508374e+00
5.769507453013610022e-04,-4.027797161620935817e+00
6.000291639662993842e-04,-3.995678626217357365e+00
6.240311082307193518e-04,-3.962573502059376196e+00
6.489922229423201322e-04,-3.928117992693874516e+00
6.749513933895010106e-04,-3.892790030352131669e+00
7.019475048606610553e-04,-3.860120913598763526e+00
7.300259235255994504e-04,-3.826813731587725975e+00
7.592287751134154305e-04,-3.793174123968150457e+00
7.895981853532080133e-04,-3.761953896871204517e+00
8.211795204147763830e-04,-3.728158393463500975e+00
8.540278677900194635e-04,-3.694648630553376112e+00
8.881885936487362221e-04,-3.661543506395394942e+00
9.237167854828256912e-04,-3.628932137728263729e+00
9.606642903434867370e-04,-3.596879478824182019e+00
9.990926766040180741e-04,-3.563837352959243976e+00
1.039057031756318843e-03,-3.531652669587842741e+00
1.080618924173687651e-03,-3.500312917381596112e+00
1.123843162670123052e-03,-3.467245621007502443e+00
1.168797796500324095e-03,-3.436518914605589448e+00
1.215547634478289117e-03,-3.404503778174425843e+00
1.264170447180816689e-03,-3.372634143407267526e+00
1.314737524303305266e-03,-3.341035157335564776e+00
1.367326636422553417e-03,-3.309803919971486152e+00
1.422018794556059555e-03,-3.279014255846261161e+00
1.478901490602721989e-03,-3.248720896016657811e+00
1.538055735580038915e-03,-3.218244625347530974e+00
1.599578742709008381e-03,-3.187755303199630852e+00
1.663561244329228757e-03,-3.158015195409886289e+00
1.730103694102397933e-03,-3.128427064454121442e+00
1.799309786130913859e-03,-3.099086932262331118e+00
1.871279974076474426e-03,-3.069560405233299871e+00
1.946130913804277381e-03,-3.040958607678906578e+00
2.023976020738820630e-03,-3.012333735073725371e+00
2.104935191186001111e-03,-2.982966660701219741e+00
2.183373298768632401e-03,-2.958607314841775082e+00
2.256587815942968141e-03,-2.935542010773081412e+00
2.338493195074529962e-03,-2.910094888560601945e+00
2.427368762151652613e-03,-2.882728704344235560e+00
2.509044069993518998e-03,-2.860120913598763526e+00
2.597948801036940869e-03,-2.832682665251823995e+00
2.693272845106934547e-03,-2.809668301829708614e+00
2.777391445236552202e-03,-2.787812395596042325e+00
2.855414776409591696e-03,-2.767003889607846379e+00
2.945081011017498546e-03,-2.742321425130815449e+00
3.042132209980557157e-03,-2.718966632752272350e+00
3.128554763447828797e-03,-2.698970004336018746e+00
3.208133506156837528e-03,-2.679853713888946221e+00
3.299027867790019480e-03,-2.657577319177793829e+00
3.400388852883992011e-03,-2.632644078973981117e+00
3.493810758263123702e-03,-2.609064892896620691e+00
3.579779650032404587e-03,-2.586700235918748092e+00
3.677478937135450487e-03,-2.554395796726402601e+00
3.784219053791315710e-03,-2.531652669587842741e+00
3.902754374594944939e-03,-2.492144128304169204e+00
4.029358392741412553e-03,-2.463441557428470041e+00
4.166396629941671904e-03,-2.423658649794206976e+00
4.328742709008424894e-03,-2.375717904164331706e+00
4.501911860012961820e-03,-2.322393047279506906e+00
4.681983149708360097e-03,-2.263603497723357449e+00
4.869248217757615391e-03,-2.193141970481182756e+00
5.045884640311082414e-03,-2.126679398184601055e+00
5.200356448476993118e-03,-2.068033885271827188e+00
5.368988982501619878e-03,-1.995678626217357365e+00
5.544264419961114632e-03,-1.913640169325251827e+00
5.681205443940375716e-03,-1.838631997765025172e+00
5.784057031756318495e-03,-1.779891911959945006e+00
5.889630589760207549e-03,-1.716698771296450321e+00
6.006869734283862630e-03,-1.642065152999546251e+00
6.110855476344783169e-03,-1.570247719997591940e+00
6.195690213869085861e-03,-1.505845405981557139e+00
6.270544394037589307e-03,-1.447331783887806811e+00
6.354439403758911642e-03,-1.373659632624957716e+00
6.440051847051198736e-03,-1.299296282854980555e+00
6.508846403110822923e-03,-1.235823867609669335e+00
6.568762151652625045e-03,-1.180456064458131227e+00
6.636195722618276095e-03,-1.113509274827518158e+00
6.708716785482825469e-03,-1.040481623027001756e+00
6.771160077770576463e-03,-9.746941347352298113e-01
6.824918988982501926e-03,-9.172146296835499424e-01
6.883959818535320511e-03,-8.507808873446200959e-01
6.947764095917044642e-03,-7.798919119599448946e-01
7.004666234607906557e-03,-7.144426909922262370e-01
7.054925469863901344e-03,-6.595558851598816164e-01
7.102397926117952169e-03,-6.038006529042636572e-01
7.156837329876862899e-03,-5.466816599529623621e-01
7.210304601425793561e-03,-4.907974776688970864e-01
7.250097213220997767e-03,-4.473317838878068109e-01
7.285158781594297008e-03,-4.134126953282450390e-01
7.319280622164614156e-03,-3.829996588791010903e-01
7.347569669475048290e-03,-3.565473235138125752e-01
7.373233959818535285e-03,-3.334820194451191266e-01
7.400356448476992817e-03,-3.106911408763797788e-01
7.426409591704472013e-03,-2.907300390241692178e-01
7.448509397278029777e-03,-2.724587429714435682e-01
7.463869086195723014e-03,-2.612194415156308125e-01
7.474789371354504351e-03,-2.541448048262710535e-01
7.486552171095268646e-03,-2.448877336049288533e-01
7.500615683732987302e-03,-2.350770153501115511e-01
7.514841218405702780e-03,-2.254830342714504443e-01
7.528159429682436746e-03,-2.168113089247424297e-01
7.541218405703175622e-03,-2.083093509798820131e-01
7.554569021386908431e-03,-1.999706407558656807e-01
7.568016850291639508e-03,-1.917890270757779125e-01
7.581335061568373473e-03,-1.837587000082169242e-01
7.594523655217109460e-03,-1.758741660834510223e-01
7.607647440051846892e-03,-1.687703061329366150e-01
7.620803629293584035e-03,-1.617807780923742056e-01
7.633927414128321466e-03,-1.549019599857431873e-01
7.646986390149060342e-03,-1.481303992702337202e-01
7.660012961762799506e-03,-1.420647352805709807e-01
7.672974724562540115e-03,-1.360826230421395555e-01
7.685936487362281591e-03,-1.301817920206718437e-01
7.698833441348023644e-03,-1.243600629958316051e-01
7.711665586519766274e-03,-1.186153432294271698e-01
7.724497731691509772e-03,-1.135092748275181168e-01
7.737265068049254714e-03,-1.084625423274355321e-01
7.749999999999999944e-03,-1.034737825104446590e-01
7.762702527543746331e-03,-9.908693226233093732e-02
7.775340246273493294e-03,-9.474395125154870534e-02
7.787977965003240258e-03,-9.044397075882466830e-02
7.800550874918988666e-03,-8.618614761628333454e-02
7.812994167206739962e-03,-8.249449044745335580e-02
7.825178224238496169e-03,-7.883394936226130467e-02
7.837135450421257865e-03,-7.520400420208783743e-02
7.848898250162021292e-03,-7.211658966929310188e-02
7.860531432274789343e-03,-6.854212931099494532e-02
7.872034996759558548e-03,-6.600683616875770154e-02
7.883376539209332665e-03,-6.298389253518578423e-02
7.894556059624108224e-03,-6.048074738138147638e-02
7.905605962410888407e-03,-5.749589383191926889e-02
7.916493843162670033e-03,-5.551732784983137020e-02
7.927284510693454259e-03,-5.305672930217456007e-02
7.937977965003241085e-03,-5.060999335508720859e-02
7.948541801685029065e-03,-4.866248120408232097e-02
7.958976020738819934e-03,-4.672366333269561967e-02
7.969345430978613115e-03,-4.479346245805825716e-02
7.979585223590407450e-03,-4.287180232318691525e-02
7.989760207388204097e-03,-4.143611677803253623e-02
7.999837977965003344e-03,-3.952922246570103604e-02
8.009850939727803168e-03,-3.810452633214959917e-02
8.019766688269603858e-03,-3.668448861388871884e-02
8.029617627997406859e-03,-3.526907894637063695e-02
8.039436163318211884e-03,-3.385826726096737016e-02
8.049157485418016039e-03,-3.245202378113791475e-02
8.058846403110822218e-03,-3.105031901865735328e-02
8.068470511989630709e-03,-3.011835625350003237e-02
8.078062216461439488e-03,-2.872415126189474532e-02
8.087621516526246820e-03,-2.779716162093556417e-02
8.097148412184056177e-03,-2.687214640030136450e-02
8.106642903434867556e-03,-2.548830726267165003e-02
8.116104990278677489e-03,-2.456819149073707562e-02
8.125534672715489445e-03,-2.365002099672660132e-02
8.134964355152301402e-03,-2.273378757270735212e-02
8.144394037589111623e-03,-2.227639471115225311e-02
8.153823720025923580e-03,-2.136305161552567305e-02
8.163253402462735536e-03,-2.045162529590490233e-02
8.172683084899545758e-03,-1.954210772389994299e-02
8.182112767336357714e-03,-1.908806222315645104e-02
8.191607258587167359e-03,-1.818139282933641659e-02
8.201101749837978738e-03,-1.772876696043160227e-02
8.210628645495788094e-03,-1.682492796218705566e-02
8.220220349967595139e-03,-1.637371287546550078e-02
8.229844458846403629e-03,-1.592296609716924161e-02
8.239533376539209808e-03,-1.547268665620744887e-02
8.249319507453013386e-03,-1.457352591699833874e-02
8.259138042773816676e-03,-1.412464269160634486e-02
8.269086195722618812e-03,-1.367622294923468568e-02
8.279131561892416613e-03,-1.322826573375516027e-02
8.289274141283215283e-03,-1.278077009199514794e-02
8.299578742709009041e-03,-1.233373507372543393e-02
8.310012961762799910e-03,-1.188715973164809932e-02
8.320609202851587602e-03,-1.144104312138448203e-02
8.331399870382371828e-03,-1.099538430146319336e-02
8.342384964355152588e-03,-1.055018233330819524e-02
8.353629293583927570e-03,-1.010543628122693820e-02
8.365100453661698798e-03,-1.010543628122693820e-02
8.376895657809461937e-03,-9.661145212398568674e-03
8.388982501620220744e-03,-9.217308196862183250e-03
8.401458198314970885e-03,-9.217308196862183250e-03
8.414355152300712071e-03,-8.773924307505150469e-03
8.427705767984445748e-03,-8.330992620051496864e-03
8.441607258587167581e-03,-8.330992620051496864e-03
8.456124432922876993e-03,-7.888512213050339825e-03
8.471354504212573119e-03,-7.446482167864383779e-03
8.487362281270251912e-03,-7.446482167864383779e-03
8.504309786130913665e-03,-7.004901568658489230e-03
8.522359040829553464e-03,-7.004901568658489230e-03
8.541704471808166110e-03,-6.563769502388273891e-03
8.562508101101750160e-03,-6.563769502388273891e-03
8.585126377187297236e-03,-6.123085058788794478e-03
8.609850939727803007e-03,-6.123085058788794478e-03
8.637103046014258517e-03,-5.682847330363272748e-03
8.667401166558652212e-03,-5.682847330363272748e-03
8.701328580686973693e-03,-5.682847330363272748e-03
8.739533376539208517e-03,-5.243055412371883106e-03
8.782728451069345132e-03,-5.243055412371883106e-03
8.831497083603369672e-03,-4.803708402820599209e-03
8.886292935839274626e-03,-4.803708402820599209e-03
8.947148412184056238e-03,-4.803708402820599209e-03
9.013609850939727219e-03,-4.364805402450088259e-03
9.084899546338301435e-03,-4.364805402450088259e-03
9.160012961762799971e-03,-4.364805402450088259e-03
9.238172391445236692e-03,-3.926345514724675564e-03
9.318794556059623729e-03,-3.926345514724675564e-03
9.401587815942968884e-03,-3.926345514724675564e-03
9.486487362281270999e-03,-3.488327845821347258e-03
9.573460790667530362e-03,-3.488327845821347258e-03
9.662508101101750443e-03,-3.488327845821347258e-03
9.753661697990927484e-03,-3.050751504618826743e-03
9.847083603370058308e-03,-3.050751504618826743e-03
9.942838626053144072e-03,-3.050751504618826743e-03
1.004115359688917755e-02,-3.050751504618826743e-03
1.014215813350615759e-02,-2.613615602686690173e-03
1.024607906675307871e-02,-2.613615602686690173e-03
1.035311082307193743e-02,-2.613615602686690173e-03
1.046351263771872972e-02,-2.613615602686690173e-03
1.057764095917044719e-02,-2.613615602686690173e-03
1.069575502268308408e-02,-2.176919254274546980e-03
1.081830848995463459e-02,-2.176919254274546980e-03
1.094575502268308430e-02,-2.176919254274546980e-03
1.107893713545042048e-02,-2.176919254274546980e-03
1.122009073233959896e-02,-2.176919254274546980e-03
1.137436811406351313e-02,-1.740661576301270061e-03
1.154238496435515231e-02,-1.740661576301270061e-03
1.171824368114063493e-02,-1.740661576301270061e-03
1.189964355152300750e-02,-1.740661576301270061e-03
1.209138042773817180e-02,-1.740661576301270061e-03
1.230162022034996840e-02,-1.740661576301270061e-03
1.253807517822423841e-02,-1.740661576301270061e-03
1.280580038885288478e-02,-1.304841688344281258e-03
1.310900842514581971e-02,-1.304841688344281258e-03
1.345651328580686930e-02,-1.304841688344281258e-03
1.386756318859364880e-02,-1.304841688344281258e-03
1.437401166558651897e-02,-1.304841688344281258e-03
1.494896305897602112e-02,-1.304841688344281258e-03
1.554695398574206140e-02,-1.304841688344281258e-03
1.616882696046662363e-02,-1.304841688344281258e-03
1.681555411535969047e-02,-1.304841688344281258e-03
1.748820479585223506e-02,-1.304841688344281258e-03
1.818771872974724729e-02,-1.304841688344281258e-03
1.891523007128969452e-02,-1.304841688344281258e-03
1.967184057031756347e-02,-1.304841688344281258e-03
2.045871678548282641e-02,-1.304841688344281258e-03
2.127705767984446050e-02,-1.304841688344281258e-03
2.212812702527543890e-02,-1.304841688344281258e-03
2.301325340246273415e-02,-1.304841688344281258e-03
2.393379779650032374e-02,-1.304841688344281258e-03
2.489115359688917617e-02,-1.304841688344281258e-03
2.588677900194426285e-02,-1.304841688344281258e-03
2.692226182760855402e-02,-1.304841688344281258e-03
2.799915748541801849e-02,-1.304841688344281258e-03
2.911911860012961900e-02,-1.304841688344281258e-03
3.028389500972132262e-02,-1.304841688344281258e-03
3.149523655217109641e-02,-1.304841688344281258e-03
3.275502268308490283e-02,-1.304841688344281258e-03
3.406513285806869740e-02,-1.304841688344281258e-03
3.542773817239144862e-02,-1.304841688344281258e-03
3.684510693454309815e-02,-1.304841688344281258e-03
3.831885936487362115e-02,-1.304841688344281258e-03
3.985158781594296679e-02,-1.304841688344281258e-03
4.144556059624109057e-02,-1.304841688344281258e-03
4.310337005832793472e-02,-1.304841688344281258e-03
4.482760855476344841e-02,-1.304841688344281258e-03
4.662054439403758715e-02,-1.304841688344281258e-03
4.848541801685029434e-02,-1.304841688344281258e-03
5.042482177576150526e-02,-1.304841688344281258e-03
5.244199611147116330e-02,-1.304841688344281258e-03
5.453953337653921069e-02,-1.304841688344281258e-03
5.672099805573557751e-02,-1.304841688344281258e-03
5.898995463383020083e-02,-1.304841688344281258e-03
6.134964355152301013e-02,-1.304841688344281258e-03
6.380362929358392166e-02,-1.304841688344281258e-03
6.635580038885288690e-02,-1.304841688344281258e-03
6.901004536616979490e-02,-1.304841688344281258e-03
7.177025275437459717e-02,-1.304841688344281258e-03
7.464128321451717063e-02,-1.304841688344281258e-03
7.762670123136745925e-02,-1.304841688344281258e-03
8.073201555411535502e-02,-1.304841688344281258e-03
8.396111471160078166e-02,-1.304841688344281258e-03
8.731950745301360339e-02,-1.304841688344281258e-03
9.081237848347374630e-02,-1.304841688344281258e-03
9.444491250810109484e-02,-1.304841688344281258e-03
9.822261827608555484e-02,-1.304841688344281258e-03
1.021516526247569639e-01,-1.304841688344281258e-03
1.062375243033052419e-01,-1.304841688344281258e-03
1.104870382372002691e-01,-1.304841688344281258e-03
1.149066753078418629e-01,-1.304841688344281258e-03
1.195029163966299379e-01,-1.304841688344281258e-03
1.242828904731043266e-01,-1.304841688344281258e-03
1.292543745949449319e-01,-1.304841688344281258e-03
1.344244977316915168e-01,-1.304841688344281258e-03
1.398013609850939920e-01,-1.304841688344281258e-03
1.453937135450421025e-01,-1.304841688344281258e-03
1.512093324692158069e-01,-1.304841688344281258e-03
1.572576150356448377e-01,-1.304841688344281258e-03
1.635479585223590382e-01,-1.304841688344281258e-03
1.700897602073881965e-01,-1.304841688344281258e-03
1.768933895009721091e-01,-1.304841688344281258e-03
1.839692158133506006e-01,-1.304841688344281258e-03
1.913279325988334612e-01,-1.304841688344281258e-03
1.989812054439403788e-01,-1.304841688344281258e-03
2.069403758911211588e-01,-1.304841688344281258e-03
2.152180816591056367e-01,-1.304841688344281258e-03
2.238266364225534599e-01,-1.304841688344281258e-03
2.327796500324044171e-01,-1.304841688344281258e-03
2.420910563836681795e-01,-1.304841688344281258e-03
2.517747893713545015e-01,-1.304841688344281258e-03
2.618457550226830910e-01,-1.304841688344281258e-03
2.723195074530135873e-01,-1.304841688344281258e-03
2.832122488658457282e-01,-1.304841688344281258e-03
2.945408295528191833e-01,-1.304841688344281258e-03
3.063224238496435881e-01,-1.304841688344281258e-03
3.185751782242385310e-01,-1.304841688344281258e-03
3.313188593648735969e-01,-1.304841688344281258e-03
3.445722618276085836e-01,-1.304841688344281258e-03
3.583538561244329346e-01,-1.304841688344281258e-03
3.726895657809461970e-01,-1.304841688344281258e-03
3.875955930006481087e-01,-1.304841688344281258e-03
4.030978613091380502e-01,-1.304841688344281258e-03
4.192222942320155687e-01,-1.304841688344281258e-03
4.359915748541801639e-01,-1.304841688344281258e-03
4.534316267012313273e-01,-1.304841688344281258e-03
4.715683732987686616e-01,-1.304841688344281258e-03
4.904309786130914284e-01,-1.304841688344281258e-03
5.100486066104990002e-01,-1.304841688344281258e-03
5.304504212572909161e-01,-1.304841688344281258e-03
5.516688269604665962e-01,-1.304841688344281258e-03
5.737362281270252939e-01,-1.304841688344281258e-03
5.966850291639662629e-01,-1.304841688344281258e-03
6.205541153596889625e-01,-1.304841688344281258e-03
6.453758911211925353e-01,-1.304841688344281258e-03
6.711892417368762187e-01,-1.304841688344281258e-03
6.980362929358393531e-01,-1.304841688344281258e-03
7.259591704471808349e-01,-1.304841688344281258e-03
7.549967595593000125e-01,-1.304841688344281258e-03
7.851976668826960992e-01,-1.304841688344281258e-03
8.166040181464678804e-01,-1.304841688344281258e-03
8.492709008425146644e-01,-1.304841688344281258e-03
8.832404406999352364e-01,-1.304841688344281258e-03
9.185709656513285637e-01,-1.304841688344281258e-03
9.553110823071937485e-01,-1.304841688344281258e-03
9.935255994815294089e-01,-1.304841688344281258e-03
1.033266364225534639e+00,-1.304841688344281258e-03
1.074598185353208057e+00,-1.304841688344281258e-03
1.117579390797148520e+00,-1.304841688344281258e-03
1.162284510693454287e+00,-1.304841688344281258e-03
1.208775113415424318e+00,-1.304841688344281258e-03
1.257125729099157541e+00,-1.304841688344281258e-03
1.307410887880751771e+00,-1.304841688344281258e-03
1.359708360337005928e+00,-1.304841688344281258e-03
1.414095917044718043e+00,-1.304841688344281258e-03
1.470661049902786788e+00,-1.304841688344281258e-03
1.529484769928710408e+00,-1.304841688344281258e-03
1.590664290343486664e+00,-1.304841688344281258e-03
1.654293583927413991e+00,-1.304841688344281258e-03
1.720463383020090609e+00,-1.304841688344281258e-03
1.789283862605314468e+00,-1.304841688344281258e-03
1.860855476344782877e+00,-1.304841688344281258e-03
1.935288399222294231e+00,-1.304841688344281258e-03
2.012699287103046242e+00,-1.304841688344281258e-03
2.093208036292935947e+00,-1.304841688344281258e-03
2.176934543097861496e+00,-1.304841688344281258e-03
2.264011665586519673e+00,-1.304841688344281258e-03
2.354572261827608592e+00,-1.304841688344281258e-03
2.448755670771224580e+00,-1.304841688344281258e-03
2.546707712248866162e+00,-1.304841688344281258e-03
2.648574206092028316e+00,-1.304841688344281258e-03
2.754517174335709750e+00,-1.304841688344281258e-03
2.864698639014906068e+00,-1.304841688344281258e-03
2.979287103046014185e+00,-1.304841688344281258e-03
3.098457550226831003e+00,-1.304841688344281258e-03
3.222397926117952061e+00,-1.304841688344281258e-03
3.351296176279974226e+00,-1.304841688344281258e-03
3.485353208036293005e+00,-1.304841688344281258e-03
3.624756966947504822e+00,-1.304841688344281258e-03
3.769734283862605118e+00,-1.304841688344281258e-03
3.920544394037589253e+00,-1.304841688344281258e-03
4.077349319507453274e+00,-1.304841688344281258e-03
4.240440699935191127e+00,-1.304841688344281258e-03
